epoch:0 0.4478  0.8218  0.4294  0.5091  0.4442  0.4350  0.3729  0.5617  0.5709  0.5250  0.5637  0.5477  1.0131  0.001000
epoch:1 0.5095  0.8596  0.5625  0.3653  0.4983  0.5178  0.4278  0.6222  0.6345  0.4903  0.6061  0.6292  0.6643  0.001000
epoch:2 0.5582  0.8775  0.6118  0.4802  0.5361  0.5640  0.4615  0.6496  0.6588  0.5111  0.6643  0.6647  0.6112  0.001000
epoch:3 0.5516  0.8866  0.6244  0.3923  0.5443  0.5530  0.4694  0.6441  0.6528  0.4347  0.6150  0.6579  0.5799  0.001000
epoch:4 0.5707  0.8865  0.6719  0.5361  0.5636  0.5832  0.4699  0.6646  0.6704  0.6042  0.6732  0.6604  0.5543  0.001000
epoch:5 0.5645  0.8977  0.6260  0.4580  0.5871  0.5710  0.4597  0.6496  0.6566  0.4750  0.6331  0.6602  0.5332  0.001000
epoch:6 0.6025  0.9091  0.6908  0.5342  0.6241  0.5974  0.5001  0.6872  0.6945  0.5708  0.6951  0.6896  0.5167  0.001000
epoch:7 0.6097  0.9119  0.7219  0.5368  0.5979  0.6084  0.4982  0.6934  0.7007  0.5667  0.6573  0.6973  0.5071  0.001000
epoch:8 0.6242  0.9169  0.7693  0.5117  0.6749  0.6174  0.5094  0.6999  0.7099  0.5444  0.7252  0.7139  0.4938  0.001000
epoch:9 0.6166  0.9137  0.7271  0.4846  0.5908  0.6239  0.5018  0.6862  0.6934  0.5597  0.6483  0.6989  0.4902  0.001000
epoch:10 0.6202  0.9181  0.7181  0.5426  0.6072  0.6214  0.4998  0.6943  0.7065  0.5806  0.6615  0.7071  0.4698  0.001000
epoch:11 0.6282  0.9161  0.7540  0.5030  0.6418  0.6335  0.5038  0.6989  0.7041  0.5347  0.7026  0.7054  0.4682  0.001000
epoch:12 0.6244  0.9065  0.7164  0.4824  0.6100  0.6312  0.5001  0.6924  0.7002  0.5319  0.6572  0.6996  0.4676  0.001000
epoch:13 0.6361  0.9123  0.7713  0.5016  0.6043  0.6401  0.5110  0.7091  0.7143  0.5417  0.6738  0.7103  0.4594  0.001000
epoch:14 0.6413  0.9245  0.7685  0.5408  0.6085  0.6544  0.5084  0.7051  0.7134  0.5639  0.6570  0.7309  0.4660  0.001000
epoch:15 0.6354  0.9047  0.7431  0.4685  0.6232  0.6415  0.5049  0.7094  0.7162  0.5389  0.6680  0.7254  0.4483  0.001000
epoch:16 0.6713  0.9254  0.7794  0.5120  0.6733  0.6729  0.5299  0.7386  0.7451  0.5597  0.7378  0.7508  0.4139  0.000100
epoch:17 0.6827  0.9261  0.8097  0.4531  0.6652  0.6955  0.5423  0.7478  0.7558  0.5694  0.7442  0.7694  0.4067  0.000100
epoch:18 0.6839  0.9279  0.7952  0.4965  0.6820  0.6973  0.5420  0.7502  0.7560  0.5472  0.7532  0.7742  0.4038  0.000100
epoch:19 0.6773  0.9258  0.7782  0.5087  0.6625  0.6884  0.5405  0.7497  0.7553  0.5542  0.7415  0.7658  0.4009  0.000100
epoch:20 0.6766  0.9197  0.7985  0.5006  0.6527  0.6918  0.5389  0.7434  0.7490  0.5625  0.7303  0.7569  0.3914  0.000100
epoch:21 0.6745  0.9248  0.7936  0.4870  0.6500  0.6916  0.5373  0.7457  0.7495  0.5472  0.7208  0.7651  0.3915  0.000100
epoch:22 0.6881  0.9270  0.8018  0.4826  0.6620  0.7048  0.5480  0.7587  0.7621  0.5417  0.7293  0.7783  0.3924  0.000010
epoch:23 0.6758  0.9251  0.7785  0.4878  0.6592  0.6913  0.5403  0.7501  0.7537  0.5472  0.7276  0.7665  0.3756  0.000010
epoch:24 0.6801  0.9241  0.7819  0.4731  0.6628  0.6952  0.5426  0.7519  0.7564  0.5319  0.7291  0.7765  0.3916  0.000010
epoch:25 0.6808  0.9253  0.7881  0.4946  0.6507  0.6980  0.5439  0.7534  0.7571  0.5528  0.7269  0.7767  0.3843  0.000010
epoch:26 0.6818  0.9245  0.7857  0.4776  0.6580  0.6969  0.5435  0.7542  0.7587  0.5361  0.7364  0.7762  0.3832  0.000010
epoch:27 0.6775  0.9232  0.7895  0.4894  0.6530  0.6937  0.5405  0.7518  0.7561  0.5528  0.7282  0.7755  0.3806  0.000010
epoch:28 0.6822  0.9241  0.7991  0.4883  0.6515  0.6988  0.5444  0.7551  0.7592  0.5528  0.7311  0.7773  0.3901  0.000010
epoch:29 0.6791  0.9232  0.7916  0.4758  0.6508  0.6968  0.5436  0.7515  0.7569  0.5361  0.7282  0.7768  0.3784  0.000010
epoch:30 0.6804  0.9248  0.7878  0.4744  0.6556  0.6981  0.5438  0.7513  0.7566  0.5361  0.7338  0.7736  0.3891  0.000010
epoch:31 0.6807  0.9239  0.7927  0.4744  0.6493  0.6981  0.5454  0.7538  0.7590  0.5347  0.7343  0.7765  0.3865  0.000010
epoch:32 0.6816  0.9219  0.7929  0.4744  0.6482  0.7002  0.5446  0.7546  0.7599  0.5361  0.7345  0.7778  0.3831  0.000010
epoch:33 0.6852  0.9222  0.7941  0.4908  0.6489  0.7027  0.5462  0.7566  0.7622  0.5528  0.7316  0.7786  0.3786  0.000010
epoch:34 0.6850  0.9223  0.8003  0.4739  0.6511  0.7026  0.5458  0.7556  0.7612  0.5347  0.7367  0.7782  0.3854  0.000010
epoch:35 0.6806  0.9228  0.7913  0.4905  0.6462  0.6996  0.5445  0.7543  0.7594  0.5514  0.7343  0.7772  0.3845  0.000010
epoch:36 0.6821  0.9244  0.7928  0.4741  0.6463  0.7006  0.5462  0.7549  0.7601  0.5361  0.7303  0.7777  0.3885  0.000010
epoch:37 0.6838  0.9234  0.7892  0.4749  0.6452  0.7040  0.5455  0.7574  0.7623  0.5375  0.7293  0.7799  0.3832  0.000010
epoch:38 0.6805  0.9235  0.7913  0.5082  0.6457  0.6992  0.5415  0.7552  0.7595  0.5708  0.7305  0.7749  0.3792  0.000010
epoch:39 0.6799  0.9228  0.7975  0.4920  0.6480  0.6974  0.5421  0.7533  0.7584  0.5542  0.7299  0.7750  0.3860  0.000010
