epoch:0 0.4001  0.6829  0.4343  0.2804  0.3282  0.4229  0.3365  0.4930  0.4953  0.3875  0.4497  0.4939  1.0131  0.001000
epoch:1 0.4507  0.7334  0.4859  0.2208  0.3780  0.5020  0.3993  0.5462  0.5479  0.3347  0.4836  0.5711  0.6643  0.001000
epoch:2 0.4435  0.7296  0.4617  0.3022  0.3641  0.4783  0.3915  0.5243  0.5269  0.4403  0.4853  0.5353  0.6112  0.001000
epoch:3 0.4537  0.7474  0.4576  0.1568  0.3774  0.4813  0.4080  0.5426  0.5457  0.3542  0.4833  0.5448  0.5799  0.001000
epoch:4 0.3951  0.6912  0.4101  0.1481  0.3208  0.4469  0.3843  0.4801  0.4819  0.3194  0.4210  0.4933  0.5543  0.001000
epoch:5 0.4187  0.7214  0.4449  0.1922  0.3822  0.4738  0.3913  0.5160  0.5197  0.3736  0.4822  0.5335  0.5332  0.001000
epoch:6 0.4482  0.7388  0.4773  0.1723  0.3644  0.4979  0.4092  0.5329  0.5356  0.3764  0.4637  0.5471  0.5167  0.001000
epoch:7 0.4629  0.7260  0.5133  0.2215  0.3784  0.5008  0.4175  0.5406  0.5414  0.3972  0.4731  0.5466  0.5071  0.001000
epoch:8 0.5094  0.7943  0.5574  0.2386  0.4870  0.5388  0.4416  0.5879  0.5919  0.4083  0.5533  0.5882  0.4938  0.001000
epoch:9 0.4864  0.7600  0.5383  0.1313  0.4190  0.5276  0.4330  0.5610  0.5631  0.3583  0.5169  0.5693  0.4902  0.001000
epoch:10 0.4173  0.6968  0.4293  0.1869  0.3877  0.4601  0.3891  0.4939  0.4959  0.4153  0.4476  0.5033  0.4698  0.001000
epoch:11 0.4722  0.7357  0.5229  0.1055  0.3887  0.5275  0.4334  0.5541  0.5554  0.3500  0.5035  0.5711  0.4682  0.001000
epoch:12 0.4857  0.7682  0.5300  0.1619  0.4720  0.5261  0.4323  0.5619  0.5654  0.2903  0.5392  0.5734  0.4676  0.001000
epoch:13 0.4698  0.7424  0.5193  0.1535  0.3500  0.5212  0.4282  0.5511  0.5535  0.3889  0.4770  0.5643  0.4594  0.001000
epoch:14 0.4656  0.7425  0.4833  0.1456  0.3603  0.5186  0.4133  0.5387  0.5406  0.3542  0.4528  0.5565  0.4660  0.001000
epoch:15 0.4774  0.7514  0.5128  0.1740  0.3799  0.5298  0.4212  0.5596  0.5604  0.3597  0.4714  0.5765  0.4483  0.001000
epoch:16 0.4967  0.7805  0.5267  0.1648  0.4242  0.5478  0.4424  0.5695  0.5702  0.3403  0.5138  0.5884  0.4139  0.000100
epoch:17 0.4928  0.7657  0.5175  0.1662  0.4182  0.5470  0.4380  0.5672  0.5684  0.3583  0.5024  0.5875  0.4067  0.000100
epoch:18 0.4877  0.7631  0.5104  0.1388  0.4085  0.5410  0.4347  0.5644  0.5655  0.3611  0.4954  0.5840  0.4038  0.000100
epoch:19 0.4801  0.7596  0.5130  0.1466  0.3724  0.5359  0.4372  0.5577  0.5578  0.3611  0.4797  0.5783  0.4009  0.000100
epoch:20 0.4883  0.7621  0.5183  0.1276  0.3747  0.5464  0.4445  0.5698  0.5702  0.3403  0.4910  0.5928  0.3914  0.000100
epoch:21 0.4911  0.7719  0.5218  0.1351  0.3828  0.5456  0.4436  0.5729  0.5743  0.3833  0.4995  0.5921  0.3915  0.000100
epoch:22 0.4869  0.7702  0.5113  0.1394  0.3697  0.5433  0.4444  0.5707  0.5715  0.3736  0.4936  0.5890  0.3924  0.000010
epoch:23 0.4938  0.7752  0.5089  0.1411  0.3873  0.5484  0.4475  0.5766  0.5775  0.3889  0.5103  0.5939  0.3756  0.000010
epoch:24 0.4832  0.7681  0.4968  0.1386  0.3689  0.5376  0.4431  0.5680  0.5689  0.3722  0.4919  0.5854  0.3916  0.000010
epoch:25 0.4860  0.7666  0.5006  0.1387  0.3693  0.5415  0.4430  0.5685  0.5693  0.3722  0.4919  0.5866  0.3843  0.000010
epoch:26 0.4838  0.7688  0.5010  0.1375  0.3672  0.5401  0.4430  0.5675  0.5683  0.3681  0.4930  0.5861  0.3832  0.000010
epoch:27 0.4854  0.7667  0.4945  0.1390  0.3690  0.5401  0.4429  0.5677  0.5688  0.3764  0.4908  0.5849  0.3806  0.000010
epoch:28 0.4797  0.7595  0.4931  0.1362  0.3678  0.5351  0.4414  0.5657  0.5661  0.3694  0.4936  0.5826  0.3901  0.000010
epoch:29 0.4823  0.7619  0.5008  0.1380  0.3670  0.5394  0.4410  0.5678  0.5689  0.3750  0.4924  0.5860  0.3784  0.000010
epoch:30 0.4873  0.7642  0.5132  0.1421  0.3746  0.5448  0.4443  0.5716  0.5728  0.3903  0.4887  0.5904  0.3891  0.000010
epoch:31 0.4783  0.7543  0.4995  0.1376  0.3690  0.5348  0.4394  0.5634  0.5648  0.3736  0.4864  0.5822  0.3865  0.000010
epoch:32 0.4779  0.7533  0.4960  0.1370  0.3733  0.5324  0.4372  0.5644  0.5656  0.3681  0.4963  0.5808  0.3831  0.000010
epoch:33 0.4835  0.7620  0.5004  0.1313  0.3756  0.5353  0.4412  0.5676  0.5685  0.3694  0.4921  0.5832  0.3786  0.000010
epoch:34 0.4809  0.7589  0.4990  0.1375  0.3705  0.5353  0.4380  0.5643  0.5656  0.3750  0.4899  0.5809  0.3854  0.000010
epoch:35 0.4784  0.7547  0.5062  0.1381  0.3756  0.5359  0.4390  0.5641  0.5658  0.3750  0.4833  0.5830  0.3845  0.000010
epoch:36 0.4724  0.7462  0.4966  0.1368  0.3582  0.5296  0.4362  0.5595  0.5606  0.3750  0.4825  0.5752  0.3885  0.000010
epoch:37 0.4773  0.7526  0.4991  0.1322  0.3646  0.5336  0.4364  0.5649  0.5662  0.3653  0.4848  0.5820  0.3832  0.000010
epoch:38 0.4828  0.7631  0.5002  0.1386  0.3800  0.5413  0.4398  0.5678  0.5694  0.3694  0.4846  0.5880  0.3792  0.000010
epoch:39 0.4818  0.7582  0.5083  0.1306  0.3730  0.5371  0.4386  0.5664  0.5679  0.3667  0.4854  0.5847  0.3860  0.000010
