epoch:0 0.2084  0.5254  0.1094  0.1358  0.1958  0.2260  0.2512  0.4067  0.4201  0.2742  0.3770  0.4362  1.1468  0.004000
epoch:1 0.3345  0.6527  0.2990  0.2805  0.2971  0.3612  0.3505  0.5078  0.5176  0.3151  0.4431  0.5372  0.8022  0.004000
epoch:2 0.3095  0.6511  0.2356  0.1897  0.2520  0.3370  0.3319  0.5044  0.5180  0.3036  0.4722  0.5357  0.7127  0.004000
epoch:3 0.3437  0.6770  0.2987  0.1917  0.2783  0.3778  0.3626  0.5058  0.5127  0.3008  0.4164  0.5437  0.6708  0.004000
epoch:4 0.3578  0.6853  0.3327  0.2411  0.2784  0.3957  0.3656  0.5285  0.5342  0.3133  0.4266  0.5667  0.6516  0.004000
epoch:5 0.3783  0.6888  0.3809  0.2243  0.2891  0.4181  0.3780  0.5386  0.5477  0.2674  0.4488  0.5807  0.6176  0.004000
epoch:6 0.3781  0.7232  0.3512  0.1945  0.2991  0.4114  0.3712  0.5284  0.5379  0.2664  0.4608  0.5645  0.5898  0.004000
epoch:7 0.3732  0.7036  0.3459  0.1963  0.2847  0.4084  0.3785  0.5309  0.5384  0.3011  0.4282  0.5710  0.5829  0.004000
epoch:8 0.3748  0.7075  0.3542  0.2186  0.3105  0.4054  0.3783  0.5339  0.5450  0.2763  0.4596  0.5693  0.5698  0.004000
epoch:9 0.3933  0.7126  0.3893  0.2335  0.2796  0.4284  0.3881  0.5425  0.5519  0.3597  0.4249  0.5838  0.5523  0.004000
epoch:10 0.3746  0.7033  0.3606  0.1766  0.2803  0.4071  0.3761  0.5259  0.5342  0.2746  0.4220  0.5663  0.5279  0.004000
epoch:11 0.3831  0.6919  0.3878  0.1820  0.2711  0.4245  0.3855  0.5370  0.5459  0.2545  0.4084  0.5860  0.5330  0.004000
epoch:12 0.3948  0.6985  0.4094  0.1954  0.2854  0.4378  0.3925  0.5397  0.5482  0.3000  0.4197  0.5863  0.5181  0.004000
epoch:13 0.3872  0.6913  0.3981  0.2556  0.2817  0.4261  0.3869  0.5353  0.5434  0.2957  0.4070  0.5812  0.5098  0.004000
epoch:14 0.3931  0.6975  0.4024  0.1697  0.2895  0.4351  0.3903  0.5414  0.5478  0.2886  0.4220  0.5849  0.4980  0.004000
epoch:15 0.3911  0.6958  0.3908  0.2002  0.3052  0.4253  0.3872  0.5357  0.5433  0.3204  0.4507  0.5736  0.4984  0.004000
epoch:16 0.4383  0.7226  0.4778  0.2082  0.3178  0.4810  0.4235  0.5758  0.5835  0.2603  0.4603  0.6209  0.4512  0.000400
epoch:17 0.4457  0.7326  0.4882  0.2491  0.3303  0.4887  0.4280  0.5818  0.5885  0.3041  0.4569  0.6291  0.4354  0.000400
epoch:18 0.4458  0.7372  0.4869  0.2187  0.3319  0.4892  0.4213  0.5765  0.5836  0.2821  0.4590  0.6226  0.4233  0.000400
epoch:19 0.4433  0.7243  0.4857  0.2208  0.3153  0.4890  0.4246  0.5754  0.5814  0.2721  0.4359  0.6262  0.4266  0.000400
epoch:20 0.4537  0.7350  0.4985  0.2245  0.3245  0.4996  0.4306  0.5841  0.5894  0.2826  0.4544  0.6317  0.4143  0.000400
epoch:21 0.4441  0.7285  0.4831  0.2086  0.3216  0.4892  0.4267  0.5756  0.5826  0.2595  0.4506  0.6248  0.4098  0.000400
epoch:22 0.4436  0.7260  0.4823  0.2264  0.3178  0.4889  0.4226  0.5757  0.5833  0.2771  0.4556  0.6249  0.4015  0.000040
epoch:23 0.4468  0.7304  0.4850  0.2182  0.3117  0.4934  0.4269  0.5760  0.5821  0.2858  0.4378  0.6260  0.4109  0.000040
epoch:24 0.4419  0.7230  0.4786  0.2091  0.3170  0.4873  0.4233  0.5757  0.5830  0.2705  0.4455  0.6268  0.4028  0.000040
epoch:25 0.4498  0.7315  0.4931  0.2262  0.3228  0.4959  0.4267  0.5786  0.5856  0.2893  0.4430  0.6281  0.4054  0.000040
