epoch:0 0.2100  0.4708  0.1609  0.0775  0.1173  0.2668  0.2527  0.3922  0.4023  0.2407  0.3287  0.4249  1.1468  0.004000
epoch:1 0.2681  0.5069  0.2589  0.1219  0.1513  0.3185  0.2976  0.4042  0.4104  0.2355  0.3189  0.4375  0.8022  0.004000
epoch:2 0.2919  0.5558  0.2815  0.1286  0.1675  0.3475  0.3199  0.4547  0.4639  0.2853  0.3933  0.4862  0.7127  0.004000
epoch:3 0.3098  0.5604  0.3045  0.1101  0.1729  0.3691  0.3329  0.4482  0.4536  0.1954  0.3430  0.4897  0.6708  0.004000
epoch:4 0.3313  0.5864  0.3381  0.1147  0.1687  0.3908  0.3423  0.4735  0.4783  0.2200  0.3572  0.5134  0.6516  0.004000
epoch:5 0.3189  0.5659  0.3195  0.1100  0.1324  0.3916  0.3327  0.4458  0.4498  0.1933  0.3017  0.4981  0.6176  0.004000
epoch:6 0.3475  0.6143  0.3607  0.1314  0.2071  0.4042  0.3423  0.4657  0.4709  0.2198  0.3749  0.5015  0.5898  0.004000
epoch:7 0.3088  0.5766  0.2920  0.0913  0.1430  0.3732  0.3327  0.4416  0.4463  0.2305  0.3281  0.4827  0.5829  0.004000
epoch:8 0.2856  0.5339  0.2782  0.0774  0.1339  0.3469  0.3138  0.4149  0.4192  0.1931  0.2863  0.4531  0.5698  0.004000
epoch:9 0.3046  0.5613  0.2880  0.1105  0.1456  0.3659  0.3173  0.4176  0.4217  0.2559  0.3040  0.4516  0.5523  0.004000
epoch:10 0.3349  0.5922  0.3381  0.0921  0.1844  0.3952  0.3438  0.4675  0.4741  0.1828  0.3467  0.5126  0.5279  0.004000
epoch:11 0.3324  0.5841  0.3428  0.0781  0.1801  0.4034  0.3473  0.4672  0.4747  0.1780  0.3414  0.5173  0.5330  0.004000
epoch:12 0.3231  0.5668  0.3276  0.0891  0.1567  0.3847  0.3381  0.4430  0.4472  0.2206  0.3107  0.4851  0.5181  0.004000
epoch:13 0.3294  0.5807  0.3327  0.1055  0.1823  0.3839  0.3354  0.4565  0.4617  0.2184  0.3210  0.5013  0.5098  0.004000
epoch:14 0.3310  0.5835  0.3388  0.0727  0.1704  0.3833  0.3417  0.4576  0.4620  0.2084  0.3545  0.4896  0.4980  0.004000
epoch:15 0.3202  0.5650  0.3186  0.1110  0.1734  0.3748  0.3378  0.4452  0.4498  0.2598  0.3362  0.4782  0.4984  0.004000
epoch:16 0.3496  0.5935  0.3585  0.1132  0.1798  0.4107  0.3571  0.4641  0.4683  0.2276  0.3286  0.5062  0.4512  0.000400
epoch:17 0.3718  0.6148  0.3845  0.1207  0.1975  0.4355  0.3705  0.4863  0.4907  0.2310  0.3457  0.5320  0.4354  0.000400
epoch:18 0.3662  0.6133  0.3803  0.1068  0.2039  0.4303  0.3638  0.4786  0.4834  0.2141  0.3486  0.5236  0.4233  0.000400
epoch:19 0.3649  0.6067  0.3770  0.1124  0.1839  0.4308  0.3666  0.4779  0.4832  0.2162  0.3315  0.5272  0.4266  0.000400
epoch:20 0.3682  0.6180  0.3809  0.0990  0.1887  0.4339  0.3682  0.4796  0.4831  0.2202  0.3424  0.5234  0.4143  0.000400
epoch:21 0.3637  0.6023  0.3761  0.1219  0.1916  0.4296  0.3652  0.4758  0.4805  0.1972  0.3370  0.5231  0.4098  0.000400
epoch:22 0.3642  0.6085  0.3776  0.1199  0.1926  0.4295  0.3654  0.4758  0.4811  0.2173  0.3361  0.5239  0.4015  0.000040
epoch:23 0.3678  0.6104  0.3826  0.1139  0.1896  0.4330  0.3673  0.4778  0.4832  0.2169  0.3314  0.5261  0.4109  0.000040
epoch:24 0.3627  0.6025  0.3787  0.1078  0.1841  0.4294  0.3663  0.4756  0.4807  0.2106  0.3302  0.5251  0.4028  0.000040
epoch:25 0.3695  0.6123  0.3898  0.1181  0.1906  0.4341  0.3698  0.4776  0.4819  0.2218  0.3338  0.5247  0.4054  0.000040
