epoch:0 0.2984  0.6535  0.1959  0.1620  0.2785  0.3235  0.3039  0.4754  0.4843  0.3613  0.4225  0.5066  1.2316  0.004000
epoch:1 0.3419  0.6889  0.2948  0.2160  0.3217  0.3644  0.3470  0.5163  0.5281  0.3832  0.4917  0.5481  0.7783  0.004000
epoch:2 0.3859  0.7432  0.3475  0.2069  0.3330  0.4142  0.3792  0.5367  0.5470  0.4312  0.4864  0.5630  0.6948  0.004000
epoch:3 0.4062  0.7528  0.3954  0.2311  0.3646  0.4349  0.3931  0.5548  0.5643  0.4069  0.5060  0.5877  0.6503  0.004000
epoch:4 0.4456  0.7728  0.4751  0.2075  0.3495  0.4841  0.4165  0.5807  0.5876  0.3676  0.4948  0.6164  0.6206  0.004000
epoch:5 0.4380  0.7480  0.4806  0.2086  0.3641  0.4734  0.4164  0.5846  0.5927  0.3348  0.5119  0.6186  0.5922  0.004000
epoch:6 0.4139  0.7473  0.4148  0.1937  0.3257  0.4504  0.4014  0.5640  0.5735  0.3144  0.4818  0.6029  0.5872  0.004000
epoch:7 0.4493  0.7721  0.4784  0.2051  0.3647  0.4850  0.4241  0.5877  0.5952  0.3724  0.5137  0.6220  0.5554  0.004000
epoch:8 0.4450  0.7602  0.4638  0.1717  0.3530  0.4822  0.4203  0.5773  0.5854  0.2387  0.4839  0.6186  0.5567  0.004000
epoch:9 0.4487  0.7646  0.4813  0.1975  0.3540  0.4853  0.4241  0.5806  0.5906  0.3508  0.4967  0.6194  0.5316  0.004000
epoch:10 0.4470  0.7734  0.4672  0.2362  0.3555  0.4819  0.4163  0.5832  0.5902  0.3937  0.5139  0.6160  0.5126  0.004000
epoch:11 0.4332  0.7497  0.4557  0.2806  0.3393  0.4681  0.4120  0.5662  0.5738  0.3408  0.4646  0.6040  0.5117  0.004000
epoch:12 0.4509  0.7726  0.4687  0.2348  0.3590  0.4864  0.4202  0.5810  0.5894  0.3540  0.4963  0.6182  0.5088  0.004000
epoch:13 0.4304  0.7591  0.4429  0.2150  0.3335  0.4672  0.4132  0.5687  0.5792  0.3322  0.4930  0.6073  0.4980  0.004000
epoch:14 0.4495  0.7584  0.4817  0.2451  0.3408  0.4885  0.4254  0.5834  0.5909  0.3611  0.4911  0.6216  0.4838  0.004000
epoch:15 0.4382  0.7615  0.4624  0.2501  0.3434  0.4752  0.4184  0.5746  0.5823  0.3552  0.4762  0.6127  0.4818  0.004000
epoch:16 0.4816  0.7811  0.5279  0.2495  0.3686  0.5231  0.4451  0.6064  0.6127  0.3523  0.5024  0.6461  0.4336  0.000400
epoch:17 0.4789  0.7758  0.5235  0.2610  0.3588  0.5228  0.4426  0.6031  0.6125  0.3658  0.4897  0.6493  0.4480  0.000400
epoch:18 0.4818  0.7749  0.5306  0.2593  0.3580  0.5257  0.4446  0.6042  0.6103  0.3523  0.4812  0.6477  0.4289  0.000400
epoch:19 0.4851  0.7785  0.5344  0.2559  0.3663  0.5288  0.4466  0.6067  0.6144  0.3535  0.4968  0.6503  0.4261  0.000400
epoch:20 0.4868  0.7808  0.5357  0.2175  0.3633  0.5313  0.4479  0.6085  0.6142  0.3263  0.4899  0.6503  0.4182  0.000400
epoch:21 0.4827  0.7788  0.5285  0.2402  0.3621  0.5258  0.4428  0.5997  0.6064  0.3516  0.4882  0.6407  0.4202  0.000400
epoch:22 0.4849  0.7778  0.5295  0.2073  0.3591  0.5312  0.4475  0.6051  0.6110  0.2918  0.4897  0.6490  0.4136  0.000040
epoch:23 0.4873  0.7842  0.5346  0.2074  0.3655  0.5332  0.4459  0.6055  0.6114  0.3269  0.4909  0.6481  0.4082  0.000040
epoch:24 0.4852  0.7789  0.5304  0.2037  0.3616  0.5318  0.4464  0.6045  0.6103  0.2901  0.4842  0.6482  0.4152  0.000040
epoch:25 0.4872  0.7779  0.5333  0.2333  0.3623  0.5327  0.4473  0.6046  0.6106  0.3333  0.4915  0.6465  0.4111  0.000040
epoch:26 0.4841  0.7761  0.5268  0.2053  0.3524  0.5299  0.4448  0.6021  0.6091  0.3322  0.4755  0.6473  0.4091  0.000040
epoch:27 0.4875  0.7798  0.5358  0.2203  0.3567  0.5345  0.4473  0.6048  0.6110  0.3003  0.4852  0.6499  0.4112  0.000040
epoch:28 0.4868  0.7770  0.5310  0.2423  0.3566  0.5330  0.4478  0.6068  0.6134  0.3287  0.4901  0.6508  0.4085  0.000040
epoch:29 0.4901  0.7860  0.5408  0.2083  0.3649  0.5359  0.4507  0.6116  0.6169  0.3299  0.5015  0.6538  0.4093  0.000040
epoch:30 0.4849  0.7780  0.5325  0.2195  0.3520  0.5319  0.4464  0.6016  0.6062  0.3011  0.4682  0.6454  0.4105  0.000040
epoch:31 0.4845  0.7793  0.5258  0.2380  0.3619  0.5298  0.4470  0.6072  0.6138  0.3316  0.4962  0.6503  0.4092  0.000040
epoch:32 0.4852  0.7777  0.5360  0.2301  0.3666  0.5301  0.4459  0.6053  0.6105  0.3342  0.4904  0.6477  0.4155  0.000040
epoch:33 0.4876  0.7813  0.5380  0.2254  0.3624  0.5341  0.4490  0.6059  0.6136  0.3251  0.4960  0.6505  0.4101  0.000040
epoch:34 0.4855  0.7797  0.5253  0.2226  0.3586  0.5314  0.4452  0.6066  0.6128  0.3229  0.4844  0.6515  0.4074  0.000040
epoch:35 0.4862  0.7766  0.5318  0.2137  0.3575  0.5325  0.4467  0.6049  0.6117  0.3301  0.4821  0.6502  0.4105  0.000040
epoch:36 0.4859  0.7765  0.5345  0.2605  0.3651  0.5319  0.4482  0.6082  0.6144  0.3534  0.4986  0.6521  0.4076  0.000040
epoch:37 0.4860  0.7802  0.5375  0.2196  0.3608  0.5330  0.4495  0.6077  0.6138  0.2873  0.4875  0.6534  0.4105  0.000040
epoch:38 0.4867  0.7750  0.5357  0.2237  0.3517  0.5336  0.4494  0.6065  0.6118  0.3249  0.4831  0.6500  0.4076  0.000040
epoch:39 0.4906  0.7824  0.5375  0.2434  0.3664  0.5363  0.4508  0.6089  0.6145  0.3111  0.4993  0.6510  0.4105  0.000040
