epoch:0 0.2604  0.6177  0.1445  0.1419  0.2363  0.2844  0.2734  0.4348  0.4428  0.3096  0.3870  0.4641  1.3127  0.004000
epoch:1 0.3226  0.6924  0.2348  0.2174  0.2887  0.3457  0.3344  0.4965  0.5046  0.3046  0.4366  0.5263  0.8089  0.004000
epoch:2 0.3729  0.7390  0.3134  0.1256  0.3193  0.4063  0.3772  0.5274  0.5364  0.2147  0.4479  0.5653  0.7085  0.004000
epoch:3 0.3804  0.7417  0.3390  0.2034  0.3315  0.4106  0.3694  0.5369  0.5461  0.3192  0.4862  0.5695  0.6725  0.004000
epoch:4 0.4121  0.7626  0.3868  0.2124  0.3401  0.4463  0.3959  0.5527  0.5602  0.2801  0.4822  0.5881  0.6369  0.004000
epoch:5 0.4034  0.7428  0.4016  0.2250  0.3431  0.4344  0.3899  0.5595  0.5695  0.3761  0.5177  0.5887  0.6091  0.004000
epoch:6 0.4396  0.7711  0.4644  0.2359  0.3612  0.4735  0.4098  0.5686  0.5754  0.3322  0.4851  0.6020  0.5805  0.004000
epoch:7 0.4187  0.7468  0.4375  0.2347  0.3368  0.4543  0.4045  0.5682  0.5787  0.3530  0.4926  0.6046  0.5760  0.004000
epoch:8 0.4483  0.7714  0.4683  0.2009  0.3808  0.4793  0.4147  0.5759  0.5835  0.3408  0.5153  0.6046  0.5556  0.004000
epoch:9 0.4356  0.7556  0.4531  0.2085  0.3371  0.4768  0.4114  0.5752  0.5842  0.3452  0.4806  0.6170  0.5455  0.004000
epoch:10 0.4341  0.7559  0.4567  0.2022  0.3287  0.4717  0.4098  0.5720  0.5807  0.2993  0.4834  0.6094  0.5270  0.004000
epoch:11 0.4431  0.7596  0.4667  0.1943  0.3637  0.4847  0.4193  0.5840  0.5896  0.3306  0.5028  0.6234  0.5165  0.004000
epoch:12 0.4292  0.7534  0.4472  0.1996  0.3382  0.4702  0.4087  0.5680  0.5757  0.2881  0.4745  0.6124  0.5117  0.004000
epoch:13 0.4407  0.7585  0.4700  0.1970  0.3436  0.4841  0.4216  0.5741  0.5807  0.2649  0.4683  0.6166  0.4935  0.004000
epoch:14 0.4403  0.7542  0.4680  0.2332  0.3449  0.4809  0.4219  0.5761  0.5855  0.3372  0.4680  0.6207  0.4978  0.004000
epoch:15 0.4419  0.7573  0.4791  0.2498  0.3314  0.4834  0.4213  0.5747  0.5812  0.3233  0.4731  0.6141  0.4845  0.004000
epoch:16 0.4819  0.7771  0.5285  0.2512  0.3588  0.5267  0.4478  0.6059  0.6136  0.3363  0.4914  0.6507  0.4527  0.000400
epoch:17 0.4815  0.7702  0.5337  0.2755  0.3615  0.5269  0.4462  0.6053  0.6124  0.3536  0.4955  0.6492  0.4360  0.000400
epoch:18 0.4816  0.7766  0.5274  0.2634  0.3616  0.5258  0.4503  0.6055  0.6122  0.3396  0.4975  0.6496  0.4449  0.000400
epoch:19 0.4852  0.7792  0.5379  0.2534  0.3601  0.5306  0.4505  0.6064  0.6138  0.3345  0.4966  0.6523  0.4288  0.000400
epoch:20 0.4859  0.7796  0.5370  0.2490  0.3627  0.5314  0.4519  0.6059  0.6130  0.2980  0.4923  0.6515  0.4305  0.000400
epoch:21 0.4864  0.7778  0.5462  0.2470  0.3572  0.5330  0.4519  0.6063  0.6118  0.3012  0.4941  0.6513  0.4254  0.000400
epoch:22 0.4839  0.7727  0.5411  0.2490  0.3584  0.5306  0.4497  0.6050  0.6133  0.3051  0.4995  0.6523  0.4197  0.000040
epoch:23 0.4857  0.7770  0.5363  0.2467  0.3620  0.5311  0.4500  0.6049  0.6112  0.2963  0.4955  0.6495  0.4230  0.000040
epoch:24 0.4865  0.7763  0.5451  0.2471  0.3620  0.5334  0.4499  0.6097  0.6164  0.2965  0.5060  0.6535  0.4170  0.000040
