epoch:0 0.2343  0.4941  0.1967  0.0444  0.1325  0.2876  0.2584  0.3768  0.3807  0.1463  0.2972  0.4109  1.3127  0.004000
epoch:1 0.2776  0.5387  0.2560  0.0800  0.1560  0.3227  0.3060  0.4172  0.4215  0.1787  0.3224  0.4480  0.8089  0.004000
epoch:2 0.3340  0.6287  0.3240  0.0890  0.2104  0.3875  0.3413  0.4636  0.4686  0.2065  0.3567  0.5023  0.7085  0.004000
epoch:3 0.3205  0.6029  0.3116  0.1051  0.1947  0.3707  0.3262  0.4484  0.4534  0.2474  0.3778  0.4748  0.6725  0.004000
epoch:4 0.3309  0.6119  0.3289  0.1123  0.1991  0.3831  0.3360  0.4409  0.4454  0.2209  0.3648  0.4730  0.6369  0.004000
epoch:5 0.3423  0.6157  0.3481  0.0910  0.2152  0.3967  0.3459  0.4807  0.4875  0.2360  0.4196  0.5114  0.6091  0.004000
epoch:6 0.3762  0.6550  0.3857  0.1293  0.2317  0.4305  0.3655  0.4881  0.4921  0.2058  0.3914  0.5232  0.5805  0.004000
epoch:7 0.3246  0.5970  0.3217  0.1186  0.1858  0.3821  0.3371  0.4472  0.4519  0.2397  0.3702  0.4804  0.5760  0.004000
epoch:8 0.3906  0.6709  0.4049  0.1082  0.2735  0.4452  0.3785  0.5073  0.5129  0.2265  0.4175  0.5437  0.5556  0.004000
epoch:9 0.3594  0.6255  0.3703  0.1208  0.2121  0.4152  0.3564  0.4819  0.4880  0.2289  0.3838  0.5202  0.5455  0.004000
epoch:10 0.3255  0.5867  0.3304  0.0934  0.1843  0.3701  0.3323  0.4350  0.4382  0.2541  0.3823  0.4502  0.5270  0.004000
epoch:11 0.3543  0.6172  0.3595  0.1049  0.1880  0.4198  0.3545  0.4726  0.4769  0.2164  0.3505  0.5167  0.5165  0.004000
epoch:12 0.3008  0.5498  0.2939  0.0584  0.1556  0.3644  0.3287  0.4199  0.4240  0.2119  0.3176  0.4535  0.5117  0.004000
epoch:13 0.3657  0.6238  0.3787  0.1117  0.2035  0.4222  0.3695  0.4821  0.4853  0.2116  0.3582  0.5188  0.4935  0.004000
epoch:14 0.3630  0.6241  0.3695  0.1183  0.2059  0.4258  0.3669  0.4832  0.4880  0.2176  0.3820  0.5221  0.4978  0.004000
epoch:15 0.3673  0.6279  0.3819  0.0958  0.1946  0.4307  0.3683  0.4833  0.4876  0.2323  0.3527  0.5253  0.4845  0.004000
epoch:16 0.3893  0.6497  0.4076  0.1096  0.2119  0.4541  0.3831  0.5019  0.5076  0.2346  0.3787  0.5470  0.4527  0.000400
epoch:17 0.3930  0.6507  0.4177  0.1116  0.2181  0.4585  0.3829  0.5042  0.5090  0.2258  0.3809  0.5496  0.4360  0.000400
epoch:18 0.3927  0.6530  0.4121  0.1106  0.2203  0.4570  0.3840  0.5037  0.5080  0.2280  0.3858  0.5475  0.4449  0.000400
epoch:19 0.3919  0.6477  0.4108  0.1112  0.2162  0.4589  0.3832  0.4997  0.5054  0.2392  0.3819  0.5461  0.4288  0.000400
epoch:20 0.3944  0.6518  0.4160  0.1154  0.2174  0.4605  0.3855  0.5004  0.5066  0.2373  0.3785  0.5464  0.4305  0.000400
epoch:21 0.3987  0.6539  0.4203  0.1099  0.2227  0.4650  0.3877  0.5065  0.5111  0.2237  0.3853  0.5525  0.4254  0.000400
epoch:22 0.3943  0.6494  0.4164  0.1028  0.2145  0.4612  0.3842  0.5036  0.5091  0.2309  0.3816  0.5506  0.4197  0.000040
epoch:23 0.3945  0.6447  0.4084  0.1132  0.2228  0.4607  0.3836  0.5002  0.5055  0.2279  0.3806  0.5463  0.4230  0.000040
epoch:24 0.3972  0.6508  0.4199  0.1104  0.2154  0.4647  0.3855  0.5059  0.5112  0.2373  0.3859  0.5506  0.4170  0.000040
