epoch:0 0.2914  0.5524  0.2844  0.0820  0.1823  0.3461  0.3036  0.4420  0.4490  0.2000  0.3557  0.4819  1.2316  0.004000
epoch:1 0.3043  0.5736  0.2859  0.0974  0.2138  0.3444  0.3126  0.4506  0.4608  0.2741  0.4154  0.4778  0.7783  0.004000
epoch:2 0.3565  0.6293  0.3733  0.1008  0.2446  0.4093  0.3504  0.4839  0.4906  0.2856  0.4068  0.5163  0.6948  0.004000
epoch:3 0.3315  0.6099  0.3225  0.0912  0.1936  0.3861  0.3360  0.4537  0.4581  0.2628  0.3485  0.4905  0.6503  0.004000
epoch:4 0.3914  0.6629  0.4160  0.1087  0.2396  0.4524  0.3779  0.5055  0.5085  0.2592  0.3963  0.5447  0.6206  0.004000
epoch:5 0.3840  0.6490  0.4030  0.0979  0.2385  0.4455  0.3746  0.5128  0.5173  0.2615  0.4158  0.5497  0.5922  0.004000
epoch:6 0.3091  0.5800  0.2934  0.0890  0.1656  0.3601  0.3195  0.4229  0.4264  0.2644  0.3471  0.4435  0.5872  0.004000
epoch:7 0.3848  0.6549  0.3983  0.1087  0.2222  0.4421  0.3742  0.5062  0.5118  0.2751  0.4188  0.5391  0.5554  0.004000
epoch:8 0.3847  0.6481  0.4009  0.0999  0.2304  0.4434  0.3758  0.5026  0.5073  0.1982  0.3969  0.5438  0.5567  0.004000
epoch:9 0.3855  0.6508  0.4037  0.1006  0.2325  0.4468  0.3774  0.5033  0.5110  0.2463  0.4060  0.5447  0.5316  0.004000
epoch:10 0.3633  0.6309  0.3693  0.1190  0.2279  0.4163  0.3554  0.4759  0.4812  0.3266  0.4124  0.5037  0.5126  0.004000
epoch:11 0.3803  0.6414  0.3976  0.0885  0.2269  0.4402  0.3709  0.4951  0.5006  0.2461  0.3778  0.5369  0.5117  0.004000
epoch:12 0.3904  0.6548  0.4081  0.1054  0.2351  0.4537  0.3774  0.5068  0.5115  0.2438  0.4043  0.5463  0.5088  0.004000
epoch:13 0.3725  0.6330  0.3893  0.0947  0.2063  0.4388  0.3728  0.4930  0.4982  0.2474  0.3683  0.5375  0.4980  0.004000
epoch:14 0.3760  0.6366  0.3947  0.1140  0.2101  0.4350  0.3721  0.4922  0.4973  0.2288  0.3837  0.5320  0.4838  0.004000
epoch:15 0.3471  0.6092  0.3499  0.0863  0.1736  0.4046  0.3553  0.4615  0.4654  0.2078  0.3414  0.4945  0.4818  0.004000
epoch:16 0.3985  0.6625  0.4241  0.1182  0.2304  0.4598  0.3850  0.5045  0.5092  0.2249  0.3898  0.5460  0.4336  0.000400
epoch:17 0.3880  0.6400  0.4077  0.1164  0.2071  0.4518  0.3798  0.4929  0.4971  0.2231  0.3569  0.5355  0.4480  0.000400
epoch:18 0.3982  0.6565  0.4227  0.1156  0.2260  0.4608  0.3848  0.5044  0.5077  0.2130  0.3753  0.5468  0.4289  0.000400
epoch:19 0.4046  0.6623  0.4289  0.1213  0.2286  0.4672  0.3882  0.5094  0.5135  0.2153  0.3893  0.5520  0.4261  0.000400
epoch:20 0.4044  0.6594  0.4317  0.1184  0.2268  0.4682  0.3889  0.5088  0.5125  0.2131  0.3739  0.5530  0.4182  0.000400
epoch:21 0.4034  0.6620  0.4239  0.1102  0.2229  0.4668  0.3874  0.5035  0.5074  0.2217  0.3696  0.5480  0.4202  0.000400
epoch:22 0.4036  0.6635  0.4321  0.1223  0.2241  0.4657  0.3890  0.5076  0.5112  0.2179  0.3743  0.5514  0.4136  0.000040
epoch:23 0.4076  0.6623  0.4349  0.1153  0.2236  0.4726  0.3883  0.5081  0.5114  0.2118  0.3772  0.5521  0.4082  0.000040
epoch:24 0.4070  0.6649  0.4299  0.1146  0.2277  0.4707  0.3905  0.5095  0.5133  0.2110  0.3739  0.5532  0.4152  0.000040
epoch:25 0.4039  0.6617  0.4328  0.1188  0.2262  0.4665  0.3889  0.5037  0.5076  0.2054  0.3745  0.5476  0.4111  0.000040
epoch:26 0.4021  0.6540  0.4284  0.1150  0.2229  0.4651  0.3876  0.5032  0.5069  0.2082  0.3674  0.5484  0.4091  0.000040
epoch:27 0.4046  0.6594  0.4276  0.1251  0.2220  0.4675  0.3877  0.5038  0.5075  0.2139  0.3688  0.5477  0.4112  0.000040
epoch:28 0.4011  0.6584  0.4241  0.1246  0.2189  0.4649  0.3869  0.5025  0.5061  0.2111  0.3674  0.5470  0.4085  0.000040
epoch:29 0.4068  0.6609  0.4290  0.1223  0.2275  0.4697  0.3919  0.5114  0.5146  0.2224  0.3712  0.5549  0.4093  0.000040
epoch:30 0.4014  0.6537  0.4229  0.1194  0.2177  0.4658  0.3871  0.5032  0.5062  0.2012  0.3681  0.5480  0.4105  0.000040
epoch:31 0.3985  0.6551  0.4217  0.1240  0.2138  0.4624  0.3853  0.5019  0.5059  0.2115  0.3668  0.5472  0.4092  0.000040
epoch:32 0.4055  0.6588  0.4283  0.1185  0.2266  0.4691  0.3892  0.5082  0.5114  0.2049  0.3715  0.5536  0.4155  0.000040
epoch:33 0.4043  0.6594  0.4330  0.1205  0.2261  0.4665  0.3894  0.5046  0.5082  0.2102  0.3747  0.5468  0.4101  0.000040
epoch:34 0.4033  0.6609  0.4218  0.1158  0.2258  0.4669  0.3881  0.5057  0.5083  0.2113  0.3659  0.5500  0.4074  0.000040
epoch:35 0.4014  0.6566  0.4256  0.1218  0.2202  0.4656  0.3857  0.5038  0.5076  0.2210  0.3654  0.5488  0.4105  0.000040
epoch:36 0.4042  0.6581  0.4280  0.1201  0.2218  0.4675  0.3898  0.5071  0.5104  0.2099  0.3767  0.5505  0.4076  0.000040
epoch:37 0.4016  0.6582  0.4250  0.1220  0.2206  0.4657  0.3867  0.5045  0.5086  0.2117  0.3712  0.5489  0.4105  0.000040
epoch:38 0.4034  0.6545  0.4282  0.1218  0.2193  0.4687  0.3881  0.5047  0.5080  0.2130  0.3706  0.5497  0.4076  0.000040
epoch:39 0.4008  0.6553  0.4227  0.1184  0.2247  0.4623  0.3875  0.5004  0.5040  0.2152  0.3723  0.5423  0.4105  0.000040
